24
-1000 -5150 6000 4800
-1000 1000 4800 1000
3800 900 2450 3000
6250 3000 4500 1000
10650 600 5070 2800
15660 -1350 1600 3000
17000 -8000 300 7000
12700 -15000 5000 7000
8700 -15000 4000 1500
5700 -15000 3500 1000
1400 -15400 5000 400
-1000 -15000 2650 2600
-2000 -13000 1000 15000
-1000 -9500 2060 2400
1250 -9100 3700 2200
2700 -10900 2400 2400
6850 -10850 3500 1950
6970 -8810 1630 1610
8850 -8910 1500 1700
6550 -4950 3700 2050
6600 -2800 1800 2100
8400 -2600 1830 1910
11930 -2750 1650 1880
11980 -4950 3700 2050